<?xml version="1.0" encoding="UTF-8" standalone="no"?>
<!DOCTYPE svg PUBLIC "-//W3C//DTD SVG 20010904//EN"
              "http://www.w3.org/TR/2001/REC-SVG-20010904/DTD/svg10.dtd">

<svg xmlns="http://www.w3.org/2000/svg"
     width="10.5139in" height="9.5in"
     viewBox="0 0 757 684">
  <path id="Selection"
        fill="none" stroke="black" stroke-width="1"
        d="M 95.00,5.00
           C 95.00,5.00 97.99,28.00 97.99,28.00
             98.33,43.35 93.61,58.03 91.08,73.00
             87.71,92.95 87.77,102.03 88.00,122.00
             88.15,134.18 93.53,165.72 97.81,177.00
             103.65,192.35 111.73,202.83 116.57,220.00
             116.57,220.00 121.80,251.00 121.80,251.00
             121.80,251.00 126.82,272.00 126.82,272.00
             126.82,272.00 132.72,283.00 132.72,283.00
             132.72,283.00 135.10,293.00 135.10,293.00
             137.07,298.41 145.37,313.58 148.94,318.00
             148.94,318.00 169.10,341.91 169.10,341.91
             169.10,341.91 177.00,349.03 177.00,349.03
             181.51,353.29 189.38,359.92 195.72,360.89
             202.13,361.87 212.22,355.65 216.82,351.62
             219.98,348.84 219.66,347.46 224.00,346.00
             224.57,339.72 226.97,332.98 229.00,327.00
             233.86,312.73 241.10,296.69 252.04,286.09
             252.04,286.09 280.00,265.33 280.00,265.33
             295.51,253.03 311.54,232.00 328.00,224.32
             341.72,217.92 366.55,219.02 382.00,219.00
             389.89,218.99 401.35,215.21 408.00,218.09
             417.42,222.15 424.32,236.88 435.00,241.81
             439.40,243.84 448.60,245.02 454.00,246.37
             462.32,248.46 472.90,252.97 480.00,257.75
             488.56,263.51 497.80,273.24 503.29,282.00
             507.05,288.00 508.37,293.37 513.53,300.00
             520.06,308.41 527.62,310.67 535.00,317.18
             543.80,324.96 544.43,329.43 546.54,331.69
             548.68,333.98 553.95,335.42 556.94,334.36
             559.99,333.29 560.68,330.55 562.54,328.28
             562.54,328.28 572.17,318.00 572.17,318.00
             577.20,312.51 581.58,310.41 585.76,304.00
             593.02,292.86 594.58,283.38 597.66,271.00
             597.66,271.00 601.63,258.00 601.63,258.00
             601.63,258.00 602.37,249.00 602.37,249.00
             604.64,236.88 608.26,221.26 607.99,209.00
             607.99,209.00 607.00,195.00 607.00,195.00
             606.97,176.25 605.08,173.24 608.13,153.00
             609.47,144.11 614.03,132.33 617.58,124.00
             619.76,118.89 623.59,110.48 623.66,105.00
             623.66,105.00 620.41,81.00 620.41,81.00
             616.80,59.49 608.19,25.69 608.00,5.00
             612.80,6.98 612.94,6.85 618.00,6.00
             620.38,14.31 627.62,24.21 633.00,31.00
             636.75,35.72 643.98,45.15 648.01,48.90
             648.01,48.90 658.91,57.30 658.91,57.30
             658.91,57.30 665.09,63.96 665.09,63.96
             665.09,63.96 672.00,70.00 672.00,70.00
             665.36,72.43 662.84,72.00 656.00,72.00
             656.00,72.00 664.39,80.04 664.39,80.04
             675.28,92.65 674.04,96.69 691.00,104.00
             686.17,112.26 679.63,117.13 670.00,118.00
             678.11,124.59 685.80,126.48 696.00,124.00
             696.00,124.00 701.00,130.00 701.00,130.00
             692.19,136.74 678.81,133.84 669.00,131.00
             669.00,131.00 685.00,149.79 685.00,149.79
             685.00,149.79 697.00,158.00 697.00,158.00
             686.55,159.99 678.39,171.31 688.19,179.20
             694.42,184.23 702.58,183.05 710.00,183.00
             703.00,192.24 693.47,191.62 683.00,193.00
             696.50,206.50 706.64,216.97 727.00,216.91
             727.00,216.91 736.00,216.91 736.00,216.91
             740.66,216.33 745.34,214.03 750.00,215.00
             750.00,215.00 741.00,221.76 741.00,221.76
             731.40,228.00 714.49,233.75 703.00,234.00
             709.40,239.46 724.51,239.02 733.00,241.78
             741.59,244.58 747.20,252.21 751.00,260.00
             751.00,260.00 741.00,255.79 741.00,255.79
             733.05,253.53 722.85,255.49 716.00,259.96
             709.84,263.99 704.67,270.51 708.45,278.00
             713.40,287.78 725.34,289.31 734.00,294.00
             729.55,294.69 724.94,296.02 721.04,298.35
             719.34,299.36 716.86,300.90 717.56,303.26
             718.26,305.61 722.97,308.36 725.00,310.00
             725.00,310.00 720.02,311.22 720.02,311.22
             710.79,314.45 722.07,321.73 725.00,325.00
             719.59,324.03 707.03,322.82 708.61,332.00
             708.99,334.22 711.12,337.92 712.23,340.00
             717.47,349.80 731.82,368.77 718.96,378.35
             716.59,380.12 713.75,381.04 711.00,382.00
             711.86,374.96 711.89,372.72 706.00,368.00
             704.16,371.85 700.89,376.63 701.48,381.00
             702.26,386.74 709.07,393.42 712.49,398.00
             718.12,405.55 720.24,412.78 718.00,422.00
             708.81,416.25 705.56,412.26 694.00,412.00
             694.00,412.00 697.99,425.00 697.99,425.00
             700.32,435.79 698.86,450.47 690.00,458.00
             690.00,458.00 691.00,452.00 691.00,452.00
             677.31,459.37 680.06,471.88 680.00,485.00
             679.94,497.19 674.47,504.88 664.00,511.00
             668.26,500.26 668.41,493.14 657.00,487.00
             657.00,498.10 657.12,515.41 651.01,524.99
             646.68,531.78 641.93,530.58 636.32,541.00
             631.01,550.87 629.00,562.53 620.82,570.83
             616.58,575.13 611.46,577.65 606.00,580.00
             612.37,570.45 618.94,561.23 616.00,549.00
             608.77,556.96 608.14,561.91 603.90,565.78
             597.84,571.31 593.38,567.44 585.79,578.00
             578.82,587.68 579.02,599.41 569.00,607.00
             572.93,596.77 572.86,592.58 572.00,582.00
             572.00,582.00 565.00,591.00 565.00,591.00
             565.00,591.00 564.00,582.00 564.00,582.00
             554.11,590.41 557.76,599.85 552.01,609.00
             547.90,615.53 543.11,615.82 538.09,620.33
             533.54,624.42 531.54,629.62 529.00,635.00
             527.12,632.67 525.34,630.27 522.98,628.39
             521.46,627.18 519.87,626.23 518.00,625.65
             502.76,620.90 499.86,639.77 491.98,643.83
             485.87,646.97 478.02,642.62 472.00,641.00
             474.71,647.52 475.93,655.02 468.00,658.00
             468.61,649.96 461.68,644.73 454.00,645.55
             444.67,646.55 438.78,653.12 431.00,657.33
             427.74,659.10 425.74,659.82 422.00,659.96
             412.93,660.29 405.88,652.33 399.00,647.00
             399.00,647.00 409.00,674.00 409.00,674.00
             392.26,669.00 392.26,659.08 381.00,654.55
             375.93,652.50 370.50,655.35 370.75,661.00
             370.84,662.87 372.28,666.18 373.00,668.00
             373.00,668.00 361.00,657.39 361.00,657.39
             358.99,655.84 357.41,655.00 355.00,654.22
             332.99,647.08 336.81,674.07 319.00,680.00
             320.93,673.16 327.53,663.53 315.00,663.02
             307.28,662.70 302.70,665.37 295.00,662.24
             286.19,658.66 284.01,651.32 276.99,645.32
             269.47,638.91 263.51,637.75 255.00,634.00
             252.23,645.54 259.96,650.30 266.00,659.00
             249.73,656.45 247.67,645.42 239.36,634.00
             232.73,624.90 223.09,617.61 212.00,615.00
             211.41,627.60 209.01,620.13 212.00,635.00
             199.61,630.13 195.98,612.99 195.00,601.00
             188.13,607.54 193.96,609.84 191.00,622.00
             185.13,618.89 181.13,615.19 178.47,609.00
             176.78,605.08 174.56,595.99 172.30,593.19
             169.70,590.03 164.30,588.87 162.06,593.19
             160.10,597.08 164.30,603.01 162.06,609.00
             153.78,589.92 148.65,593.34 140.00,575.00
             136.42,588.67 141.09,593.95 148.00,605.00
             125.64,594.88 133.72,574.84 122.10,558.00
             114.23,546.60 104.98,545.32 93.00,541.33
             86.07,539.03 77.64,536.59 74.87,529.00
             73.05,524.60 74.38,515.71 74.87,511.00
             74.87,511.00 68.22,520.00 68.22,520.00
             68.22,520.00 68.22,530.00 68.22,530.00
             68.22,530.00 62.88,520.00 62.88,520.00
             62.88,520.00 62.88,499.00 62.88,499.00
             62.88,499.00 62.88,488.00 62.88,488.00
             59.20,489.43 55.05,490.84 51.02,489.26
             44.43,486.68 41.53,477.22 44.00,471.00
             47.79,477.01 49.71,479.22 57.00,480.00
             56.47,469.21 49.08,457.26 38.00,455.00
             41.72,439.74 38.49,436.91 28.00,427.00
             37.06,426.77 43.15,423.00 41.81,413.00
             40.84,405.75 35.07,404.52 30.00,400.48
             25.53,396.92 22.35,392.54 20.79,387.00
             17.34,374.81 29.38,360.68 29.76,353.00
             30.14,345.49 18.73,332.49 14.00,327.00
             17.88,327.51 22.09,328.40 26.00,327.79
             34.15,326.52 37.42,319.60 36.90,312.00
             36.06,299.59 25.87,290.95 16.00,285.00
             20.04,281.62 22.79,279.99 28.00,279.00
             24.94,274.97 23.98,274.06 19.00,273.00
             24.45,261.67 40.69,238.69 19.00,233.68
             15.73,232.92 13.29,233.01 10.00,233.00
             10.00,233.00 16.87,224.00 16.87,224.00
             21.07,217.40 24.98,204.63 18.77,198.21
             14.47,193.75 8.08,193.11 3.00,190.00
             15.85,185.50 23.46,178.98 28.00,166.00
             20.47,166.99 11.92,166.54 5.00,163.00
             5.00,163.00 17.00,158.95 17.00,158.95
             29.88,154.13 39.57,150.10 46.00,137.00
             34.75,140.19 24.03,134.93 17.00,126.00
             33.44,123.42 30.42,112.51 47.00,111.00
             43.38,104.15 38.73,99.16 31.00,97.24
             31.00,97.24 17.00,95.00 17.00,95.00
             17.00,95.00 27.00,89.57 27.00,89.57
             34.92,85.04 41.31,80.09 51.00,82.00
             49.68,67.49 41.85,65.72 31.00,60.00
             47.86,52.16 72.81,44.88 77.33,24.00
             78.87,16.90 76.57,11.94 76.00,5.00
             86.31,7.32 84.56,8.31 95.00,5.00 Z
           M 670.00,21.00
           C 670.00,21.00 669.00,22.00 669.00,22.00
             669.00,22.00 669.00,21.00 669.00,21.00
             669.00,21.00 670.00,21.00 670.00,21.00 Z
           M 29.00,49.00
           C 29.00,49.00 28.00,50.00 28.00,50.00
             28.00,50.00 28.00,49.00 28.00,49.00
             28.00,49.00 29.00,49.00 29.00,49.00 Z
           M 28.00,51.00
           C 28.00,51.00 27.00,52.00 27.00,52.00
             27.00,52.00 27.00,51.00 27.00,51.00
             27.00,51.00 28.00,51.00 28.00,51.00 Z
           M 604.00,91.00
           C 604.00,91.00 603.00,92.00 603.00,92.00
             603.00,92.00 603.00,91.00 603.00,91.00
             603.00,91.00 604.00,91.00 604.00,91.00 Z
           M 757.00,214.00
           C 757.00,214.00 756.00,215.00 756.00,215.00
             756.00,215.00 756.00,214.00 756.00,214.00
             756.00,214.00 757.00,214.00 757.00,214.00 Z
           M 486.00,247.00
           C 486.00,247.00 485.00,248.00 485.00,248.00
             485.00,248.00 485.00,247.00 485.00,247.00
             485.00,247.00 486.00,247.00 486.00,247.00 Z
           M 488.00,248.00
           C 488.00,248.00 487.00,249.00 487.00,249.00
             487.00,249.00 487.00,248.00 487.00,248.00
             487.00,248.00 488.00,248.00 488.00,248.00 Z
           M 264.00,253.00
           C 264.00,253.00 263.00,254.00 263.00,254.00
             263.00,254.00 263.00,253.00 263.00,253.00
             263.00,253.00 264.00,253.00 264.00,253.00 Z
           M 480.88,341.00
           C 477.55,328.37 476.05,314.45 467.53,304.00
             460.41,295.26 445.93,286.37 436.00,280.72
             430.66,277.68 416.12,269.09 411.00,267.63
             411.00,267.63 390.00,265.83 390.00,265.83
             383.28,265.02 380.39,262.41 375.00,262.11
             369.58,261.80 362.79,264.88 357.00,265.65
             350.91,266.57 347.72,265.07 344.00,265.65
             339.62,266.23 330.35,270.20 326.00,271.99
             314.39,276.78 299.51,283.45 290.17,291.80
             269.81,310.02 278.59,328.67 269.55,351.00
             266.63,358.20 261.74,366.11 256.70,372.00
             252.48,376.94 247.82,380.04 245.00,386.00
             250.15,387.80 254.77,389.63 259.00,393.21
             264.28,397.69 267.93,403.07 275.00,405.20
             280.73,406.93 288.71,404.95 294.00,402.46
             296.52,401.27 299.39,398.98 302.00,398.48
             302.00,398.48 323.00,401.99 323.00,401.99
             331.84,402.20 335.90,399.81 344.00,397.00
             339.05,382.81 333.54,379.68 323.00,370.00
             330.94,370.00 332.23,369.48 340.00,372.00
             338.64,362.36 336.60,357.26 330.00,350.00
             330.00,350.00 354.00,353.83 354.00,353.83
             382.39,356.55 412.64,355.44 438.00,341.00
             433.16,355.38 431.00,351.76 426.00,360.00
             423.81,363.62 423.32,368.02 422.00,372.00
             422.00,372.00 417.00,361.00 417.00,361.00
             415.01,368.38 409.20,382.75 411.82,390.00
             414.25,396.77 417.82,397.63 424.00,399.50
             432.80,402.16 454.80,402.20 463.00,398.01
             474.76,391.99 480.28,378.32 491.00,372.00
             491.00,372.00 480.88,341.00 480.88,341.00 Z
           M 239.00,280.00
           C 239.00,280.00 242.00,276.00 242.00,276.00
             242.00,276.00 239.00,280.00 239.00,280.00 Z
           M 292.00,303.00
           C 292.00,303.00 288.00,309.00 288.00,309.00
             288.00,309.00 290.00,303.00 290.00,303.00
             290.00,303.00 292.00,303.00 292.00,303.00 Z
           M 756.00,315.00
           C 756.00,315.00 756.00,309.00 756.00,309.00
             756.00,309.00 756.00,315.00 756.00,315.00 Z
           M 289.00,315.00
           C 289.00,315.00 288.00,316.00 288.00,316.00
             288.00,316.00 288.00,315.00 288.00,315.00
             288.00,315.00 289.00,315.00 289.00,315.00 Z
           M 437.00,336.00
           C 437.00,336.00 436.00,337.00 436.00,337.00
             436.00,337.00 436.00,336.00 436.00,336.00
             436.00,336.00 437.00,336.00 437.00,336.00 Z
           M 0.00,405.00
           C 0.00,405.00 0.00,400.00 0.00,400.00
             0.00,400.00 0.00,405.00 0.00,405.00 Z
           M 9.00,426.00
           C 9.00,426.00 8.00,427.00 8.00,427.00
             8.00,427.00 8.00,426.00 8.00,426.00
             8.00,426.00 9.00,426.00 9.00,426.00 Z
           M 697.00,510.00
           C 697.00,510.00 699.00,505.00 699.00,505.00
             699.49,507.83 699.25,508.26 697.00,510.00 Z
           M 696.00,515.00
           C 696.00,515.00 692.00,520.00 692.00,520.00
             692.00,520.00 694.00,515.00 694.00,515.00
             694.00,515.00 696.00,515.00 696.00,515.00 Z
           M 689.00,526.00
           C 689.00,526.00 688.00,527.00 688.00,527.00
             688.00,527.00 688.00,526.00 688.00,526.00
             688.00,526.00 689.00,526.00 689.00,526.00 Z
           M 661.00,619.00
           C 661.00,619.00 660.00,620.00 660.00,620.00
             660.00,620.00 660.00,619.00 660.00,619.00
             660.00,619.00 661.00,619.00 661.00,619.00 Z
           M 662.00,621.00
           C 662.00,621.00 661.00,622.00 661.00,622.00
             661.00,622.00 661.00,621.00 661.00,621.00
             661.00,621.00 662.00,621.00 662.00,621.00 Z
           M 558.00,650.00
           C 558.00,650.00 557.00,651.00 557.00,651.00
             557.00,651.00 557.00,650.00 557.00,650.00
             557.00,650.00 558.00,650.00 558.00,650.00 Z
           M 484.00,680.00
           C 484.00,680.00 480.00,677.00 480.00,677.00
             482.87,677.55 482.87,677.29 484.00,680.00 Z" />
</svg>
